enrich/10/05/02/100502oOUT    ,inf,2.348039,2.00 ,U ,1.95000,0.05000,0.00000,1   ,5.8122
enrich/10/05/04/100504oOUT    ,inf,2.348039,4.00 ,U ,3.93580,0.06420,0.00000,1   ,6.0644
enrich/10/05/06/100506oOUT    ,inf,2.348039,6.00 ,U ,5.92320,0.07680,0.00000,1   ,6.2327
enrich/10/05/08/100508oOUT    ,inf,2.348039,8.00 ,U ,7.91250,0.08750,0.00000,1   ,6.2544
enrich/10/05/10/n100510OUT    ,inf,2.348039,10.00,U ,9.89420,0.10580,0.00000,1   ,5.8986
enrich/10/10/02/101002oOUT    ,inf,3.320629,2.00 ,U ,1.96040,0.03960,0.00000,1   ,6.6413
enrich/10/10/04/101004oOUT    ,inf,3.320629,4.00 ,U ,3.94670,0.05330,0.00000,1   ,6.9682
enrich/10/10/06/101006oOUT    ,inf,3.320629,6.00 ,U ,5.93050,0.06950,0.00000,1   ,7.2355
enrich/10/10/08/n101008OUT    ,inf,3.320629,8.00 ,U ,7.91500,0.08500,0.00000,1   ,7.3998
enrich/10/10/10/n101010OUT    ,inf,3.320629,10.00,U ,9.89830,0.10170,0.00000,1   ,7.1839
enrich/10/15/02/101502oOUT    ,inf,4.066923,2.00 ,U ,1.96210,0.03790,0.00000,1   ,6.7235
enrich/10/15/04/101504oOUT    ,inf,4.066923,4.00 ,U ,3.94690,0.05310,0.00000,1   ,7.0706
enrich/10/15/06/101506oOUT    ,inf,4.066923,6.00 ,U ,5.92780,0.07220,0.00000,1   ,7.2660
enrich/10/15/08/n101508OUT    ,inf,4.066923,8.00 ,U ,7.91350,0.08650,0.00000,1   ,7.2975
enrich/10/15/10/n101510OUT    ,inf,4.066923,10.00,U ,9.88880,0.11120,0.00000,1   ,6.9716
enrich/10/20/02/102002oOUT    ,inf,4.696079,2.00 ,U ,1.96170,0.03830,0.00000,1   ,6.5448
enrich/10/20/04/102004oOUT    ,inf,4.696079,4.00 ,U ,3.93950,0.06050,0.00000,1   ,6.6986
enrich/10/20/06/102006oOUT    ,inf,4.696079,6.00 ,U ,5.92320,0.07680,0.00000,1   ,6.4543
enrich/10/20/08/102008oOUT    ,inf,4.696079,8.00 ,U ,7.90120,0.09880,0.00000,1   ,5.9719
enrich/10/20/10/102010oOUT    ,inf,4.696079,10.00,U ,9.86870,0.13130,0.00000,1   ,5.3625
enrich/10/25/02/102502oOUT    ,inf,5.250376,2.00 ,U ,1.95980,0.04020,0.00000,1   ,6.1865
enrich/10/25/04/102504oOUT    ,inf,5.250376,4.00 ,U ,3.93470,0.06530,0.00000,1   ,5.6547
enrich/10/25/06/102506oOUT    ,inf,5.250376,6.00 ,U ,5.90240,0.09760,0.00000,1   ,4.6371
enrich/10/25/08/102508oOUT    ,inf,5.250376,8.00 ,U ,7.86730,0.13270,0.00000,1   ,3.7354
enrich/10/25/10/102510oOUT    ,inf,5.250376,10.00,U ,9.83190,0.16810,0.00000,1   ,2.9687
enrich/10/30/02/103002oOUT    ,inf,5.751498,2.00 ,U ,1.95700,0.04300,0.00000,1   ,5.5346
enrich/10/30/04/103004oOUT    ,inf,5.751498,4.00 ,U ,3.92170,0.07830,0.00000,1   ,3.9310
enrich/10/30/06/103006oOUT    ,inf,5.751498,6.00 ,U ,5.88130,0.11870,0.00000,1   ,2.6011
enrich/10/30/08/103008oOUT    ,inf,5.751498,8.00 ,U ,7.83540,0.16460,0.00000,1   ,1.8012
enrich/10/30/10/103010oOUT    ,inf,5.751498,10.00,U ,9.78190,0.21810,0.00000,1   ,1.2020
enrich/3/05/02/030502oOUT     ,inf,2.348039,2.00 ,U ,1.95000,0.05000,0.00000,1   ,5.3398
enrich/3/05/04/030504oOUT     ,inf,2.348039,4.00 ,U ,3.93580,0.06420,0.00000,1   ,5.4090
enrich/3/05/06/030506oOUT     ,inf,2.348039,6.00 ,U ,5.92320,0.07680,0.00000,1   ,5.2013
enrich/3/05/08/030508oOUT     ,inf,2.348039,8.00 ,U ,7.91250,0.08750,0.00000,1   ,4.8409
enrich/3/05/10/n030510OUT     ,inf,2.348039,10.00,U ,9.89420,0.10580,0.00000,1   ,4.3825
enrich/3/10/02/031002oOUT     ,inf,3.320629,2.00 ,U ,1.96040,0.03960,0.00000,1   ,6.3346
enrich/3/10/04/031004oOUT     ,inf,3.320629,4.00 ,U ,3.94670,0.05330,0.00000,1   ,6.5371
enrich/3/10/06/031006oOUT     ,inf,3.320629,6.00 ,U ,5.93050,0.06950,0.00000,1   ,6.4954
enrich/3/10/08/n031008OUT     ,inf,3.320629,8.00 ,U ,7.91500,0.08500,0.00000,1   ,6.3510
enrich/3/10/10/n031010OUT     ,inf,3.320629,10.00,U ,9.89830,0.10170,0.00000,1   ,5.5186
enrich/3/15/02/031502oOUT     ,inf,4.066923,2.00 ,U ,1.96210,0.03790,0.00000,1   ,6.3017
enrich/3/15/04/031504oOUT     ,inf,4.066923,4.00 ,U ,3.94690,0.05310,0.00000,1   ,6.4261
enrich/3/15/06/031506oOUT     ,inf,4.066923,6.00 ,U ,5.92780,0.07220,0.00000,1   ,6.3247
enrich/3/15/08/n031508OUT     ,inf,4.066923,8.00 ,U ,7.91350,0.08650,0.00000,1   ,6.0577
enrich/3/15/10/n031510OUT     ,inf,4.066923,10.00,U ,9.88880,0.11120,0.00000,1   ,5.0993
enrich/3/20/02/032002oOUT     ,inf,4.696079,2.00 ,U ,1.96170,0.03830,0.00000,1   ,5.6496
enrich/3/20/04/032004oOUT     ,inf,4.696079,4.00 ,U ,3.93950,0.06050,0.00000,1   ,5.3650
enrich/3/20/06/032006oOUT     ,inf,4.696079,6.00 ,U ,5.92320,0.07680,0.00000,1   ,4.8495
enrich/3/20/08/032008oOUT     ,inf,4.696079,8.00 ,U ,7.90120,0.09880,0.00000,1   ,4.0702
enrich/3/20/10/032010oOUT     ,inf,4.696079,10.00,U ,9.86870,0.13130,0.00000,1   ,3.0296
enrich/40/05/02/400502oOUT    ,inf,2.348039,2.00 ,U ,1.95000,0.05000,0.00000,1   ,5.4296
enrich/40/05/04/400504oOUT    ,inf,2.348039,4.00 ,U ,3.93580,0.06420,0.00000,1   ,5.7550
enrich/40/05/06/400506oOUT    ,inf,2.348039,6.00 ,U ,5.92320,0.07680,0.00000,1   ,6.0697
enrich/40/05/08/400508oOUT    ,inf,2.348039,8.00 ,U ,7.91250,0.08750,0.00000,1   ,6.3864
enrich/40/05/10/n400510OUT    ,inf,2.348039,10.00,U ,9.89420,0.10580,0.00000,1   ,6.6392
enrich/40/10/02/401002oOUT    ,inf,3.320629,2.00 ,U ,1.96040,0.03960,0.00000,1   ,5.9342
enrich/40/10/04/401004oOUT    ,inf,3.320629,4.00 ,U ,3.94670,0.05330,0.00000,1   ,6.5023
enrich/40/10/06/401006oOUT    ,inf,3.320629,6.00 ,U ,5.93050,0.06950,0.00000,1   ,7.0180
enrich/40/10/08/n401008OUT    ,inf,3.320629,8.00 ,U ,7.91500,0.08500,0.00000,1   ,7.3899
enrich/40/10/10/n401010OUT    ,inf,3.320629,10.00,U ,9.89830,0.10170,0.00000,1   ,7.6475
enrich/40/15/02/401502oOUT    ,inf,4.066923,2.00 ,U ,1.96210,0.03790,0.00000,1   ,6.2277
enrich/40/15/04/401504oOUT    ,inf,4.066923,4.00 ,U ,3.94690,0.05310,0.00000,1   ,6.9866
enrich/40/15/06/401506oOUT    ,inf,4.066923,6.00 ,U ,5.92780,0.07220,0.00000,1   ,7.3830
enrich/40/15/08/n401508OUT    ,inf,4.066923,8.00 ,U ,7.91350,0.08650,0.00000,1   ,7.5652
enrich/40/15/10/n401510OUT    ,inf,4.066923,10.00,U ,9.88880,0.11120,0.00000,1   ,7.5613
enrich/40/20/02/402002oOUT    ,inf,4.696079,2.00 ,U ,1.96170,0.03830,0.00000,1   ,6.4912
enrich/40/20/04/402004oOUT    ,inf,4.696079,4.00 ,U ,3.93950,0.06050,0.00000,1   ,7.0537
enrich/40/20/06/402006oOUT    ,inf,4.696079,6.00 ,U ,5.92320,0.07680,0.00000,1   ,6.9739
enrich/40/20/08/402008oOUT    ,inf,4.696079,8.00 ,U ,7.90120,0.09880,0.00000,1   ,6.6153
enrich/40/20/10/402010oOUT    ,inf,4.696079,10.00,U ,9.86870,0.13130,0.00000,1   ,6.1647
enrich/40/25/02/402502oOUT    ,inf,5.250376,2.00 ,U ,1.95980,0.04020,0.00000,1   ,6.5722
enrich/40/25/04/402504oOUT    ,inf,5.250376,4.00 ,U ,3.93470,0.06530,0.00000,1   ,6.4271
enrich/40/25/06/402506oOUT    ,inf,5.250376,6.00 ,U ,5.90240,0.09760,0.00000,1   ,5.5096
enrich/40/25/08/402508oOUT    ,inf,5.250376,8.00 ,U ,7.86730,0.13270,0.00000,1   ,4.6457
enrich/40/25/10/402510oOUT    ,inf,5.250376,10.00,U ,9.83190,0.16810,0.00000,1   ,4.0487
enrich/40/30/02/403002oOUT    ,inf,5.751498,2.00 ,U ,1.95700,0.04300,0.00000,1   ,6.3212
enrich/40/30/04/403004oOUT    ,inf,5.751498,4.00 ,U ,3.92170,0.07830,0.00000,1   ,4.9935
enrich/40/30/06/403006oOUT    ,inf,5.751498,6.00 ,U ,5.88130,0.11870,0.00000,1   ,3.6885
enrich/40/30/08/403008oOUT    ,inf,5.751498,8.00 ,U ,7.83540,0.16460,0.00000,1   ,3.1652
enrich/40/30/10/403010oOUT    ,inf,5.751498,10.00,U ,9.78190,0.21810,0.00000,1   ,2.5507
enrich/5/05/02/050502oOUT     ,inf,2.348039,2.00 ,U ,1.95000,0.05000,0.00000,1   ,5.6725
enrich/5/05/04/050504oOUT     ,inf,2.348039,4.00 ,U ,3.93580,0.06420,0.00000,1   ,5.8431
enrich/5/05/06/050506oOUT     ,inf,2.348039,6.00 ,U ,5.92320,0.07680,0.00000,1   ,5.8716
enrich/5/05/08/050508oOUT     ,inf,2.348039,8.00 ,U ,7.91250,0.08750,0.00000,1   ,5.6088
enrich/5/05/10/n050510OUT     ,inf,2.348039,10.00,U ,9.89420,0.10580,0.00000,1   ,4.9729
enrich/5/10/02/051002oOUT     ,inf,3.320629,2.00 ,U ,1.96040,0.03960,0.00000,1   ,6.6525
enrich/5/10/04/051004oOUT     ,inf,3.320629,4.00 ,U ,3.94670,0.05330,0.00000,1   ,6.9172
enrich/5/10/06/051006oOUT     ,inf,3.320629,6.00 ,U ,5.93050,0.06950,0.00000,1   ,6.9838
enrich/5/10/08/n051008OUT     ,inf,3.320629,8.00 ,U ,7.91500,0.08500,0.00000,1   ,6.9821
enrich/5/10/10/n051010OUT     ,inf,3.320629,10.00,U ,9.89830,0.10170,0.00000,1   ,6.3893
enrich/5/15/02/051502oOUT     ,inf,4.066923,2.00 ,U ,1.96210,0.03790,0.00000,1   ,6.6780
enrich/5/15/04/051504oOUT     ,inf,4.066923,4.00 ,U ,3.94690,0.05310,0.00000,1   ,6.8961
enrich/5/15/06/051506oOUT     ,inf,4.066923,6.00 ,U ,5.92780,0.07220,0.00000,1   ,6.9603
enrich/5/15/08/n051508OUT     ,inf,4.066923,8.00 ,U ,7.91350,0.08650,0.00000,1   ,6.7173
enrich/5/15/10/n051510OUT     ,inf,4.066923,10.00,U ,9.88880,0.11120,0.00000,1   ,5.8883
enrich/5/20/02/052002oOUT     ,inf,4.696079,2.00 ,U ,1.96170,0.03830,0.00000,1   ,6.1874
enrich/5/20/04/052004oOUT     ,inf,4.696079,4.00 ,U ,3.93950,0.06050,0.00000,1   ,6.1783
enrich/5/20/06/052006oOUT     ,inf,4.696079,6.00 ,U ,5.92320,0.07680,0.00000,1   ,5.7310
enrich/5/20/08/052008oOUT     ,inf,4.696079,8.00 ,U ,7.90120,0.09880,0.00000,1   ,5.1614
enrich/5/20/10/052010oOUT     ,inf,4.696079,10.00,U ,9.86870,0.13130,0.00000,1   ,4.1056
enrich/5/25/02/052502oOUT     ,inf,5.250376,2.00 ,U ,1.95980,0.04020,0.00000,1   ,5.5829
enrich/5/25/04/052504oOUT     ,inf,5.250376,4.00 ,U ,3.93470,0.06530,0.00000,1   ,4.7816
enrich/5/25/06/052506oOUT     ,inf,5.250376,6.00 ,U ,5.90240,0.09760,0.00000,1   ,3.7234
enrich/5/25/08/052508oOUT     ,inf,5.250376,8.00 ,U ,7.86730,0.13270,0.00000,1   ,2.8661
enrich/5/25/10/052510oOUT     ,inf,5.250376,10.00,U ,9.83190,0.16810,0.00000,1   ,1.7728
enrich/60/05/02/600502oOUT    ,inf,2.348039,2.00 ,U ,1.95000,0.05000,0.00000,1   ,5.1812
enrich/60/05/04/600504oOUT    ,inf,2.348039,4.00 ,U ,3.93580,0.06420,0.00000,1   ,5.6059
enrich/60/05/06/600506oOUT    ,inf,2.348039,6.00 ,U ,5.92320,0.07680,0.00000,1   ,5.9971
enrich/60/05/08/600508oOUT    ,inf,2.348039,8.00 ,U ,7.91250,0.08750,0.00000,1   ,6.3424
enrich/60/05/10/n600510OUT    ,inf,2.348039,10.00,U ,9.89420,0.10580,0.00000,1   ,6.6278
enrich/60/10/02/601002oOUT    ,inf,3.320629,2.00 ,U ,1.96040,0.03960,0.00000,1   ,5.6689
enrich/60/10/04/601004oOUT    ,inf,3.320629,4.00 ,U ,3.94670,0.05330,0.00000,1   ,6.4524
enrich/60/10/06/601006oOUT    ,inf,3.320629,6.00 ,U ,5.93050,0.06950,0.00000,1   ,7.0016
enrich/60/10/08/n601008OUT    ,inf,3.320629,8.00 ,U ,7.91500,0.08500,0.00000,1   ,7.3892
enrich/60/10/10/n601010OUT    ,inf,3.320629,10.00,U ,9.89830,0.10170,0.00000,1   ,7.6604
enrich/60/15/02/601502oOUT    ,inf,4.066923,2.00 ,U ,1.96210,0.03790,0.00000,1   ,6.1051
enrich/60/15/04/601504oOUT    ,inf,4.066923,4.00 ,U ,3.94690,0.05310,0.00000,1   ,6.9718
enrich/60/15/06/601506oOUT    ,inf,4.066923,6.00 ,U ,5.92780,0.07220,0.00000,1   ,7.4070
enrich/60/15/08/n601508OUT    ,inf,4.066923,8.00 ,U ,7.91350,0.08650,0.00000,1   ,7.5989
enrich/60/15/10/n601510OUT    ,inf,4.066923,10.00,U ,9.88880,0.11120,0.00000,1   ,7.5999
enrich/60/20/02/602002oOUT    ,inf,4.696079,2.00 ,U ,1.96170,0.03830,0.00000,1   ,6.4370
enrich/60/20/04/602004oOUT    ,inf,4.696079,4.00 ,U ,3.93950,0.06050,0.00000,1   ,7.0882
enrich/60/20/06/602006oOUT    ,inf,4.696079,6.00 ,U ,5.92320,0.07680,0.00000,1   ,7.0671
enrich/60/20/08/602008oOUT    ,inf,4.696079,8.00 ,U ,7.90120,0.09880,0.00000,1   ,6.6943
enrich/60/20/10/602010oOUT    ,inf,4.696079,10.00,U ,9.86870,0.13130,0.00000,1   ,6.2422
enrich/60/25/02/602502oOUT    ,inf,5.250376,2.00 ,U ,1.95980,0.04020,0.00000,1   ,6.6025
enrich/60/25/04/602504oOUT    ,inf,5.250376,4.00 ,U ,3.93470,0.06530,0.00000,1   ,6.5351
enrich/60/25/06/602506oOUT    ,inf,5.250376,6.00 ,U ,5.90240,0.09760,0.00000,1   ,5.6625
enrich/60/25/08/602508oOUT    ,inf,5.250376,8.00 ,U ,7.86730,0.13270,0.00000,1   ,4.7918
enrich/60/25/10/602510oOUT    ,inf,5.250376,10.00,U ,9.83190,0.16810,0.00000,1   ,4.2136
enrich/60/30/02/603002oOUT    ,inf,5.751498,2.00 ,U ,1.95700,0.04300,0.00000,1   ,6.4273
enrich/60/30/04/603004oOUT    ,inf,5.751498,4.00 ,U ,3.92170,0.07830,0.00000,1   ,5.1744
enrich/60/30/06/603006oOUT    ,inf,5.751498,6.00 ,U ,5.88130,0.11870,0.00000,1   ,3.8816
enrich/60/30/08/603008oOUT    ,inf,5.751498,8.00 ,U ,7.83540,0.16460,0.00000,1   ,3.4711
enrich/60/30/10/603010oOUT    ,inf,5.751498,10.00,U ,9.78190,0.21810,0.00000,1   ,2.8233
TH/burnup/10/05/02/n100502OUT ,500,2.348039,2.00 ,Th,0.26530,0.06630,1.66840,6250,5.2632
TH/burnup/10/05/04/n100504OUT ,500,2.348039,4.00 ,Th,0.38400,0.09600,3.52000,6250,4.8632
TH/burnup/10/05/06/n100506OUT ,500,2.348039,6.00 ,Th,0.51010,0.12750,5.36240,6250,4.1604
TH/burnup/10/05/08/n100508OUT ,500,2.348039,8.00 ,Th,0.62690,0.15670,7.21640,6250,3.1435
TH/burnup/10/05/10/n100510OUT ,500,2.348039,10.00,Th,0.74950,0.18740,9.06320,6250,1.7043
TH/burnup/10/10/02/n101002OUT ,500,3.320629,2.00 ,Th,0.22210,0.05550,1.72240,6250,5.9499
TH/burnup/10/10/04/n101004OUT ,500,3.320629,4.00 ,Th,0.34870,0.08720,3.56410,6250,5.5904
TH/burnup/10/10/06/n101006OUT ,500,3.320629,6.00 ,Th,0.48340,0.12090,5.39570,6250,4.9115
TH/burnup/10/10/08/n101008OUT ,500,3.320629,8.00 ,Th,0.61660,0.15420,7.22920,6250,3.7426
TH/burnup/10/10/10/n101010OUT ,500,3.320629,10.00,Th,0.74650,0.18660,9.06680,6250,2.2071
TH/burnup/10/15/02/n101502OUT ,500,4.066924,2.00 ,Th,0.21370,0.05340,1.73280,6250,6.0432
TH/burnup/10/15/04/n101504OUT ,500,4.066924,4.00 ,Th,0.37370,0.09340,3.53290,6250,5.6373
TH/burnup/10/15/06/n101506OUT ,500,4.066924,6.00 ,Th,0.50910,0.12730,5.36370,6250,4.8798
TH/burnup/10/15/08/n101508OUT ,500,4.066924,8.00 ,Th,0.67560,0.16890,7.15550,6250,3.7804
TH/burnup/10/15/10/n101510OUT ,500,4.066924,10.00,Th,0.85210,0.21300,8.93490,6250,2.2742
TH/burnup/10/20/02/n102002OUT ,500,4.696079,2.00 ,Th,0.21550,0.05390,1.73060,6250,5.5535
TH/burnup/10/20/04/n102004OUT ,500,4.696079,4.00 ,Th,0.38400,0.09600,3.52000,6250,5.0112
TH/burnup/10/20/06/n102006OUT ,500,4.696079,6.00 ,Th,0.57600,0.14400,5.28000,6250,4.2862
TH/burnup/10/20/08/n102008OUT ,500,4.696079,8.00 ,Th,0.76800,0.19200,7.04000,6250,3.1922
TH/burnup/10/20/10/n102010OUT ,500,4.696079,10.00,Th,0.96000,0.24000,8.80000,6250,1.9492
TH/burnup/10/25/02/n102502OUT ,500,5.250376,2.00 ,Th,0.22470,0.05620,1.71910,6250,4.8286
TH/burnup/10/25/04/n102504OUT ,500,5.250376,4.00 ,Th,0.42640,0.10660,3.46700,6250,3.9193
TH/burnup/10/25/06/n102506OUT ,500,5.250376,6.00 ,Th,0.66620,0.16650,5.16730,6250,3.1550
TH/burnup/10/25/08/n102508OUT ,500,5.250376,8.00 ,Th,0.92200,0.23050,6.84750,6250,2.2283
TH/burnup/10/25/10/n102510OUT ,500,5.250376,10.00,Th,1.21970,0.30490,8.47530,6250,1.1925
TH/burnup/10/30/02/n103002OUT ,500,5.751498,2.00 ,Th,0.23910,0.05980,1.70110,6250,3.9533
TH/burnup/10/30/04/n103004OUT ,500,5.751498,4.00 ,Th,0.47730,0.11930,3.40340,6250,2.8343
TH/burnup/10/30/06/n103006OUT ,500,5.751498,6.00 ,Th,0.76440,0.19110,5.04450,6250,1.9910
TH/burnup/10/30/08/n103008OUT ,500,5.751498,8.00 ,Th,1.11730,0.27930,6.60330,6250,1.2938
TH/burnup/10/30/10/n103010OUT ,500,5.751498,10.00,Th,1.62930,0.40730,7.96330,6250,0.5826
TH/burnup/2/05/02/n220502OUT  ,100,2.348039,2.00 ,Th,0.65840,0.16460,1.17700,50  ,3.7837
TH/burnup/2/05/04/n220504OUT  ,100,2.348039,4.00 ,Th,0.84570,0.21140,2.94280,50  ,3.2033
TH/burnup/2/05/06/n220506OUT  ,100,2.348039,6.00 ,Th,1.05610,0.26400,4.67980,50  ,2.5429
TH/burnup/2/05/08/n220508OUT  ,100,2.348039,8.00 ,Th,1.26980,0.31750,6.41270,50  ,1.7933
TH/burnup/2/05/10/n220510OUT  ,100,2.348039,10.00,Th,1.48280,0.37070,8.14650,50  ,0.9505
TH/burnup/2/10/02/n221002OUT  ,100,3.320629,2.00 ,Th,0.45800,0.11450,1.42750,50  ,4.0331
TH/burnup/2/10/04/n221004OUT  ,100,3.320629,4.00 ,Th,0.66990,0.16750,3.16260,50  ,3.4965
TH/burnup/2/10/06/n221006OUT  ,100,3.320629,6.00 ,Th,0.84980,0.21250,4.93770,50  ,2.7857
TH/burnup/2/10/08/n221008OUT  ,100,3.320629,8.00 ,Th,1.07330,0.26830,6.65840,50  ,2.0200
TH/burnup/2/10/10/n221010OUT  ,100,3.320629,10.00,Th,1.29900,0.32470,8.37630,50  ,0.9697
TH/burnup/2/15/02/n221502OUT  ,100,4.066924,2.00 ,Th,0.40970,0.10240,1.48790,50  ,3.8067
TH/burnup/2/15/04/n221504OUT  ,100,4.066924,4.00 ,Th,0.64620,0.16150,3.19230,50  ,3.2369
TH/burnup/2/15/06/n221506OUT  ,100,4.066924,6.00 ,Th,0.84990,0.21250,4.93760,50  ,2.5289
TH/burnup/2/15/08/n221508OUT  ,100,4.066924,8.00 ,Th,1.09340,0.27330,6.63330,50  ,1.7730
TH/burnup/2/15/10/n221510OUT  ,100,4.066924,10.00,Th,1.37440,0.34360,8.28200,50  ,0.9976
TH/burnup/2/20/02/n222002OUT  ,100,4.696079,2.00 ,Th,0.39920,0.09980,1.50100,50  ,3.2620
TH/burnup/2/20/04/n222004OUT  ,100,4.696079,4.00 ,Th,0.66420,0.16600,3.16980,50  ,2.6866
TH/burnup/2/20/06/n222006OUT  ,100,4.696079,6.00 ,Th,0.97450,0.24360,4.78190,50  ,2.0547
TH/burnup/2/20/08/n222008OUT  ,100,4.696079,8.00 ,Th,1.29810,0.32450,6.37740,50  ,1.4975
TH/burnup/2/20/10/n222010OUT  ,100,4.696079,10.00,Th,1.63860,0.40960,7.95180,50  ,0.7127
TH/burnup/2/25/02/n222502OUT  ,100,5.250376,2.00 ,Th,0.40450,0.10110,1.49440,50  ,2.6486
TH/burnup/2/25/04/n222504OUT  ,100,5.250376,4.00 ,Th,0.72390,0.18100,3.09520,50  ,2.0165
TH/burnup/2/25/06/n222506OUT  ,100,5.250376,6.00 ,Th,1.10270,0.27570,4.62160,50  ,1.4812
TH/burnup/2/25/08/n222508OUT  ,100,5.250376,8.00 ,Th,1.52770,0.38190,6.09040,50  ,1.0100
TH/burnup/2/25/10/n222510OUT  ,100,5.250376,10.00,Th,1.98440,0.49610,7.51950,50  ,0.3633
TH/burnup/2/30/02/n223002OUT  ,100,5.751498,2.00 ,Th,0.42630,0.10660,1.46720,50  ,2.0387
TH/burnup/2/30/04/n223004OUT  ,100,5.751498,4.00 ,Th,0.81630,0.20410,2.97970,50  ,1.4023
TH/burnup/2/30/06/n223006OUT  ,100,5.751498,6.00 ,Th,1.30050,0.32510,4.37430,50  ,0.8937
TH/burnup/2/30/08/n223008OUT  ,100,5.751498,8.00 ,Th,2.07190,0.51800,5.41010,50  ,0.4535
TH/burnup/2/30/10/n223010OUT  ,100,5.751498,10.00,Th,2.78430,0.69610,6.51960,50  ,0.1474
TH/burnup/2.5/05/02/n250502OUT,125,2.348039,2.00 ,Th,0.50300,0.12580,1.37120,100 ,4.1058
TH/burnup/2.5/05/04/n250504OUT,125,2.348039,4.00 ,Th,0.68020,0.17000,3.14980,100 ,3.5866
TH/burnup/2.5/05/06/n250506OUT,125,2.348039,6.00 ,Th,0.82580,0.20640,4.96780,100 ,2.8532
TH/burnup/2.5/05/08/n250508OUT,125,2.348039,8.00 ,Th,1.00320,0.25080,6.74600,100 ,1.9636
TH/burnup/2.5/05/10/n250510OUT,125,2.348039,10.00,Th,1.19420,0.29860,8.50720,100 ,1.0217
TH/burnup/2.5/10/02/n251002OUT,125,2.348039,2.00 ,Th,0.50300,0.12580,1.37120,100 ,4.0875
TH/burnup/2.5/10/04/n251004OUT,125,2.348039,4.00 ,Th,0.68020,0.17000,3.14980,100 ,3.5692
TH/burnup/2.5/10/06/n251006OUT,125,2.348039,6.00 ,Th,0.82580,0.20640,4.96780,100 ,2.8349
TH/burnup/2.5/10/08/n251008OUT,125,2.348039,8.00 ,Th,1.00320,0.25080,6.74600,100 ,2.0708
TH/burnup/2.5/10/10/n251010OUT,125,2.348039,10.00,Th,1.19420,0.29860,8.50720,100 ,1.0915
TH/burnup/2.5/15/02/n251502OUT,125,4.066924,2.00 ,Th,0.33850,0.08460,1.57690,100 ,4.3646
TH/burnup/2.5/15/04/n251504OUT,125,4.066924,4.00 ,Th,0.52490,0.13120,3.34390,100 ,3.7984
TH/burnup/2.5/15/06/n251506OUT,125,4.066924,6.00 ,Th,0.73440,0.18360,5.08200,100 ,3.0850
TH/burnup/2.5/15/08/n251508OUT,125,4.066924,8.00 ,Th,0.96470,0.24120,6.79410,100 ,2.1880
TH/burnup/2.5/15/10/n251510OUT,125,4.066924,10.00,Th,1.18590,0.29650,8.51760,100 ,1.2610
TH/burnup/2.5/20/02/n252002OUT,125,4.696079,2.00 ,Th,0.33100,0.08280,1.58620,100 ,3.7856
TH/burnup/2.5/20/04/n252004OUT,125,4.696079,4.00 ,Th,0.53820,0.13450,3.32730,100 ,3.1899
TH/burnup/2.5/20/06/n252006OUT,125,4.696079,6.00 ,Th,0.78710,0.19680,5.01610,100 ,2.4485
TH/burnup/2.5/20/08/n252008OUT,125,4.696079,8.00 ,Th,1.05650,0.26410,6.67940,100 ,1.7194
TH/burnup/2.5/20/10/n252010OUT,125,4.696079,10.00,Th,1.37410,0.34350,8.28240,100 ,1.0244
TH/burnup/2.5/25/02/n252502OUT,125,5.250376,2.00 ,Th,0.34080,0.08520,1.57390,100 ,3.1110
TH/burnup/2.5/25/04/n252504OUT,125,5.250376,4.00 ,Th,0.61710,0.15430,3.22860,100 ,2.4213
TH/burnup/2.5/25/06/n252506OUT,125,5.250376,6.00 ,Th,0.95030,0.23760,4.81210,100 ,1.8568
TH/burnup/2.5/25/08/n252508OUT,125,5.250376,8.00 ,Th,1.32500,0.33130,6.34370,100 ,1.1263
TH/burnup/2.5/25/10/n252510OUT,125,5.250376,10.00,Th,1.73650,0.43410,7.82940,100 ,0.4467
TH/burnup/2.5/30/02/n253002OUT,125,5.751498,2.00 ,Th,0.35980,0.09000,1.55020,100 ,2.4313
TH/burnup/2.5/30/04/n253004OUT,125,5.751498,4.00 ,Th,0.70910,0.17730,3.11360,100 ,1.6977
TH/burnup/2.5/30/06/n253006OUT,125,5.751498,6.00 ,Th,1.13350,0.28340,4.58320,100 ,1.2644
TH/burnup/2.5/30/08/n253008OUT,125,5.751498,8.00 ,Th,1.64670,0.41170,5.94160,100 ,0.6636
TH/burnup/2.5/30/10/n253010OUT,125,5.751498,10.00,Th,2.20700,0.55180,7.24120,100 ,0.3244
TH/burnup/3/05/02/n330502OUT  ,150,2.348039,2.00 ,Th,0.43530,0.10880,1.45590,170 ,4.3544
TH/burnup/3/05/04/n330504OUT  ,150,2.348039,4.00 ,Th,0.59360,0.14840,3.25800,170 ,3.8274
TH/burnup/3/05/06/n330506OUT  ,150,2.348039,6.00 ,Th,0.73710,0.18430,5.07870,170 ,2.9595
TH/burnup/3/05/08/n330508OUT  ,150,2.348039,8.00 ,Th,0.90060,0.22520,6.87420,170 ,2.2007
TH/burnup/3/05/10/n330510OUT  ,150,2.348039,10.00,Th,1.06210,0.26550,8.67230,170 ,1.1670
TH/burnup/3/10/02/n331002OUT  ,150,3.320629,2.00 ,Th,0.32770,0.08190,1.59040,170 ,4.8278
TH/burnup/3/10/04/n331004OUT  ,150,3.320629,4.00 ,Th,0.48190,0.12050,3.39760,170 ,4.2954
TH/burnup/3/10/06/n331006OUT  ,150,3.320629,6.00 ,Th,0.65510,0.16380,5.18110,170 ,3.5486
TH/burnup/3/10/08/n331008OUT  ,150,3.320629,8.00 ,Th,0.79300,0.19830,7.00870,170 ,2.4986
TH/burnup/3/10/10/n331010OUT  ,150,3.320629,10.00,Th,0.97920,0.24480,8.77600,170 ,1.3810
TH/burnup/3/15/02/n331502OUT  ,150,4.066924,2.00 ,Th,0.29980,0.07500,1.62520,170 ,4.7178
TH/burnup/3/15/04/n331504OUT  ,150,4.066924,4.00 ,Th,0.47000,0.11750,3.41240,170 ,4.1522
TH/burnup/3/15/06/n331506OUT  ,150,4.066924,6.00 ,Th,0.66540,0.16640,5.16820,170 ,3.4096
TH/burnup/3/15/08/n331508OUT  ,150,4.066924,8.00 ,Th,0.88280,0.22070,6.89650,170 ,2.6202
TH/burnup/3/15/10/n331510OUT  ,150,4.066924,10.00,Th,1.09990,0.27500,8.62510,170 ,0.1147
TH/burnup/3/20/02/n332002OUT  ,150,4.696079,2.00 ,Th,0.28360,0.07090,1.64550,170 ,4.1523
TH/burnup/3/20/04/n332004OUT  ,150,4.696079,4.00 ,Th,0.50040,0.12510,3.37450,170 ,3.5866
TH/burnup/3/20/06/n332006OUT  ,150,4.696079,6.00 ,Th,0.72150,0.18040,5.09810,170 ,2.9168
TH/burnup/3/20/08/n332008OUT  ,150,4.696079,8.00 ,Th,0.98960,0.24740,6.76300,170 ,2.0451
TH/burnup/3/20/10/n332010OUT  ,150,4.696079,10.00,Th,1.26360,0.31590,8.42050,170 ,1.0632
TH/burnup/3/25/02/n332502OUT  ,150,5.250376,2.00 ,Th,0.30610,0.07650,1.61740,170 ,3.4796
TH/burnup/3/25/04/n332504OUT  ,150,5.250376,4.00 ,Th,0.53550,0.13390,3.33070,170 ,1.6909
TH/burnup/3/25/06/n332506OUT  ,150,5.250376,6.00 ,Th,0.86280,0.21570,4.92150,170 ,2.0782
TH/burnup/3/25/08/n332508OUT  ,150,5.250376,8.00 ,Th,1.14370,0.28590,6.57040,170 ,1.5320
TH/burnup/3/25/10/n332510OUT  ,150,5.250376,10.00,Th,1.59080,0.39770,8.01150,170 ,0.8614
TH/burnup/3/30/02/n333002OUT  ,150,5.751498,2.00 ,Th,0.32390,0.08100,1.59520,170 ,2.7400
TH/burnup/3/30/04/n333004OUT  ,150,5.751498,4.00 ,Th,0.63900,0.15970,3.20130,170 ,1.9649
TH/burnup/3/30/06/n333006OUT  ,150,5.751498,6.00 ,Th,1.04360,0.26090,4.69560,170 ,1.4410
TH/burnup/3/30/08/n333008OUT  ,150,5.751498,8.00 ,Th,1.51590,0.37900,6.10520,170 ,0.7462
TH/burnup/3/30/10/n333010OUT  ,150,5.751498,10.00,Th,2.02040,0.50510,7.47450,170 ,0.3678
TH/burnup/4/05/02/n440502OUT  ,200,2.348039,2.00 ,Th,0.35950,0.08990,1.55060,400 ,4.6786
TH/burnup/4/05/04/n440504OUT  ,200,2.348039,4.00 ,Th,0.49360,0.12340,3.38300,400 ,4.1803
TH/burnup/4/05/06/n440506OUT  ,200,2.348039,6.00 ,Th,0.63670,0.15920,5.20410,400 ,3.4370
TH/burnup/4/05/08/n440508OUT  ,200,2.348039,8.00 ,Th,0.76800,0.19200,7.04000,400 ,2.4943
TH/burnup/4/05/10/n440510OUT  ,200,2.348039,10.00,Th,0.96000,0.24000,8.80000,400 ,1.3925
TH/burnup/4/10/02/n441002OUT  ,200,3.320629,2.00 ,Th,0.27110,0.06780,1.66110,400 ,5.2330
TH/burnup/4/10/04/n441004OUT  ,200,3.320629,4.00 ,Th,0.42910,0.10730,3.46360,400 ,4.7852
TH/burnup/4/10/06/n441006OUT  ,200,3.320629,6.00 ,Th,0.57600,0.14400,5.28000,400 ,4.0376
TH/burnup/4/10/08/n441008OUT  ,200,3.320629,8.00 ,Th,0.76800,0.19200,7.04000,400 ,2.9740
TH/burnup/4/10/10/n441010OUT  ,200,3.320629,10.00,Th,0.93610,0.23400,8.82990,400 ,1.7744
TH/burnup/4/15/02/n441502OUT  ,200,4.066924,2.00 ,Th,0.25370,0.06340,1.68280,400 ,5.2140
TH/burnup/4/15/04/n441504OUT  ,200,4.066924,4.00 ,Th,0.42170,0.10540,3.47290,400 ,4.7322
TH/burnup/4/15/06/n441506OUT  ,200,4.066924,6.00 ,Th,0.57600,0.14400,5.28000,400 ,3.9548
TH/burnup/4/15/08/n441508OUT  ,200,4.066924,8.00 ,Th,0.76800,0.19200,7.04000,400 ,2.9537
TH/burnup/4/15/10/n441510OUT  ,200,4.066924,10.00,Th,0.96000,0.24000,8.80000,400 ,1.7510
TH/burnup/4/20/02/n442002OUT  ,200,4.696079,2.00 ,Th,0.25440,0.06360,1.68200,400 ,4.6767
TH/burnup/4/20/04/n442004OUT  ,200,4.696079,4.00 ,Th,0.44990,0.11250,3.43770,400 ,4.0927
TH/burnup/4/20/06/n442006OUT  ,200,4.696079,6.00 ,Th,0.65470,0.16370,5.18160,400 ,3.3936
TH/burnup/4/20/08/n442008OUT  ,200,4.696079,8.00 ,Th,0.89210,0.22300,6.88490,400 ,2.4087
TH/burnup/4/20/10/n442010OUT  ,200,4.696079,10.00,Th,1.14350,0.28590,8.57060,400 ,1.4565
TH/burnup/4/25/02/n442502OUT  ,200,5.250376,2.00 ,Th,0.26190,0.06550,1.67260,400 ,3.9427
TH/burnup/4/25/04/n442504OUT  ,200,5.250376,4.00 ,Th,0.48840,0.12210,3.38960,400 ,3.1686
TH/burnup/4/25/06/n442506OUT  ,200,5.250376,6.00 ,Th,0.75530,0.18880,5.05590,400 ,2.4655
TH/burnup/4/25/08/n442508OUT  ,200,5.250376,8.00 ,Th,1.04500,0.26130,6.69370,400 ,1.8022
TH/burnup/4/25/10/n442510OUT  ,200,5.250376,10.00,Th,1.36640,0.34160,8.29200,400 ,0.8774
TH/burnup/4/30/02/n443002OUT  ,200,5.751498,2.00 ,Th,0.27730,0.06930,1.65340,400 ,3.1360
TH/burnup/4/30/04/n443004OUT  ,200,5.751498,4.00 ,Th,0.54140,0.13540,3.32320,400 ,2.2023
TH/burnup/4/30/06/n443006OUT  ,200,5.751498,6.00 ,Th,0.93130,0.23280,4.83590,400 ,1.4960
TH/burnup/4/30/08/n443008OUT  ,200,5.751498,8.00 ,Th,1.36530,0.34130,6.29340,400 ,0.8225
TH/burnup/4/30/10/n443010OUT  ,200,5.751498,10.00,Th,1.85710,0.46430,7.67860,400 ,0.4193
TH/burnup/5/05/02/n550502OUT  ,250,2.348039,2.00 ,Th,0.32430,0.08110,1.59470,780 ,4.8961
TH/burnup/5/05/04/n550504OUT  ,250,2.348039,4.00 ,Th,0.45230,0.11310,3.43460,780 ,4.4178
TH/burnup/5/05/06/n550506OUT  ,250,2.348039,6.00 ,Th,0.57600,0.14400,5.28000,780 ,3.6561
TH/burnup/5/05/08/n550508OUT  ,250,2.348039,8.00 ,Th,0.74760,0.18690,7.06560,780 ,2.7104
TH/burnup/5/05/10/n550510OUT  ,250,2.348039,10.00,Th,0.85430,0.21360,8.93210,780 ,1.4608
TH/burnup/5/10/02/n551002OUT  ,250,3.320629,2.00 ,Th,0.25200,0.06300,1.68490,780 ,5.4983
TH/burnup/5/10/04/n551004OUT  ,250,3.320629,4.00 ,Th,0.38400,0.09600,3.52000,780 ,5.0910
TH/burnup/5/10/06/n551006OUT  ,250,3.320629,6.00 ,Th,0.56050,0.14010,5.29930,780 ,4.3429
TH/burnup/5/10/08/n551008OUT  ,250,3.320629,8.00 ,Th,0.67080,0.16770,7.16160,780 ,3.2586
TH/burnup/5/10/10/n551010OUT  ,250,3.320629,10.00,Th,0.83940,0.20990,8.95070,780 ,1.9261
TH/burnup/5/15/02/n551502OUT  ,250,4.066924,2.00 ,Th,0.23870,0.05970,1.70160,780 ,5.5193
TH/burnup/5/15/04/n551504OUT  ,250,4.066924,4.00 ,Th,0.38400,0.09600,3.52000,780 ,5.0527
TH/burnup/5/15/06/n551506OUT  ,250,4.066924,6.00 ,Th,0.57600,0.14400,5.28000,780 ,4.3232
TH/burnup/5/15/08/n551508OUT  ,250,4.066924,8.00 ,Th,0.76800,0.19200,7.04000,780 ,3.1941
TH/burnup/5/15/10/n551510OUT  ,250,4.066924,10.00,Th,0.96000,0.24000,8.80000,780 ,1.9130
TH/burnup/5/20/02/n552002OUT  ,250,4.696079,2.00 ,Th,0.23950,0.05990,1.70070,780 ,4.9737
TH/burnup/5/20/04/n552004OUT  ,250,4.696079,4.00 ,Th,0.42020,0.10500,3.47480,780 ,4.3934
TH/burnup/5/20/06/n552006OUT  ,250,4.696079,6.00 ,Th,0.63540,0.15890,5.20570,780 ,3.6249
TH/burnup/5/20/08/n552008OUT  ,250,4.696079,8.00 ,Th,0.84540,0.21130,6.94330,780 ,2.7648
TH/burnup/5/20/10/n552010OUT  ,250,4.696079,10.00,Th,1.08390,0.27100,8.64510,780 ,1.5211
TH/burnup/5/25/02/n552502OUT  ,250,5.250376,2.00 ,Th,0.24560,0.06140,1.69290,780 ,4.2369
TH/burnup/5/25/04/n552504OUT  ,250,5.250376,4.00 ,Th,0.46120,0.11530,3.42360,780 ,3.3892
TH/burnup/5/25/06/n552506OUT  ,250,5.250376,6.00 ,Th,0.71650,0.17910,5.10440,780 ,2.6296
TH/burnup/5/25/08/n552508OUT  ,250,5.250376,8.00 ,Th,0.99830,0.24960,6.75210,780 ,1.9347
TH/burnup/5/25/10/n552510OUT  ,250,5.250376,10.00,Th,1.29790,0.32450,8.37760,780 ,0.9483
TH/burnup/5/30/02/n553002OUT  ,250,5.751498,2.00 ,Th,0.25910,0.06480,1.67610,780 ,3.4026
TH/burnup/5/30/04/n553004OUT  ,250,5.751498,4.00 ,Th,0.51710,0.12930,3.35360,780 ,2.4250
TH/burnup/5/30/06/n553006OUT  ,250,5.751498,6.00 ,Th,0.88570,0.22140,4.89290,780 ,1.7930
TH/burnup/5/30/08/n553008OUT  ,250,5.751498,8.00 ,Th,1.30530,0.32630,6.36840,780 ,1.2150
TH/burnup/5/30/10/n553010OUT  ,250,5.751498,10.00,Th,1.76840,0.44210,7.78940,780 ,0.4610
TH/burnup/6/05/02/n660502OUT  ,300,2.348039,2.00 ,Th,0.29200,0.07300,1.63510,1350,5.0169
TH/burnup/6/05/04/n660504OUT  ,300,2.348039,4.00 ,Th,0.42850,0.10710,3.46430,1350,4.5701
TH/burnup/6/05/06/n660506OUT  ,300,2.348039,6.00 ,Th,0.57600,0.14400,5.28000,1350,3.8355
TH/burnup/6/05/08/n660508OUT  ,300,2.348039,8.00 ,Th,0.68410,0.17100,7.14490,1350,2.8701
TH/burnup/6/05/10/n660510OUT  ,300,2.348039,10.00,Th,0.81010,0.20250,8.98730,1350,1.5533
TH/burnup/6/10/02/n661002OUT  ,300,3.320629,2.00 ,Th,0.23870,0.05970,1.70170,1350,5.6732
TH/burnup/6/10/04/n661004OUT  ,300,3.320629,4.00 ,Th,0.38400,0.09600,3.52000,1350,5.2699
TH/burnup/6/10/06/n661006OUT  ,300,3.320629,6.00 ,Th,0.51850,0.12960,5.35190,1350,4.5106
TH/burnup/6/10/08/n661008OUT  ,300,3.320629,8.00 ,Th,0.65100,0.16270,7.18630,1350,3.4713
TH/burnup/6/10/10/n661010OUT  ,300,3.320629,10.00,Th,0.81050,0.20260,8.98690,1350,1.9687
TH/burnup/6/15/02/n661502OUT  ,300,4.066924,2.00 ,Th,0.22970,0.05740,1.71280,1350,5.7006
TH/burnup/6/15/04/n661504OUT  ,300,4.066924,4.00 ,Th,0.38400,0.09600,3.52000,1350,5.2563
TH/burnup/6/15/06/n661506OUT  ,300,4.066924,6.00 ,Th,0.56490,0.14120,5.29390,1350,4.5277
TH/burnup/6/15/08/n661508OUT  ,300,4.066924,8.00 ,Th,0.74970,0.18740,7.06290,1350,3.3678
TH/burnup/6/15/10/n661510OUT  ,300,4.066924,10.00,Th,0.93990,0.23500,8.82510,1350,2.1992
TH/burnup/6/20/02/n662002OUT  ,300,4.696079,2.00 ,Th,0.22850,0.05710,1.71440,1350,5.1848
TH/burnup/6/20/04/n662004OUT  ,300,4.696079,4.00 ,Th,0.39330,0.09830,3.50830,1350,4.6173
TH/burnup/6/20/06/n662006OUT  ,300,4.696079,6.00 ,Th,0.57600,0.14400,5.28000,1350,3.8800
TH/burnup/6/20/08/n662008OUT  ,300,4.696079,8.00 ,Th,0.78680,0.19670,7.01650,1350,2.7417
TH/burnup/6/20/10/n662010OUT  ,300,4.696079,10.00,Th,1.06040,0.26510,8.67450,1350,1.6497
TH/burnup/6/25/02/n662502OUT  ,300,5.250376,2.00 ,Th,0.23810,0.05950,1.70230,1350,4.4344
TH/burnup/6/25/04/n662504OUT  ,300,5.250376,4.00 ,Th,0.45150,0.11290,3.43570,1350,3.5895
TH/burnup/6/25/06/n662506OUT  ,300,5.250376,6.00 ,Th,0.68980,0.17250,5.13770,1350,2.8657
TH/burnup/6/25/08/n662508OUT  ,300,5.250376,8.00 ,Th,0.97680,0.24420,6.77900,1350,2.1050
TH/burnup/6/25/10/n662510OUT  ,300,5.250376,10.00,Th,1.27980,0.32000,8.40020,1350,1.0634
TH/burnup/6/30/02/n663002OUT  ,300,5.751498,2.00 ,Th,0.25380,0.06350,1.68270,1350,3.6003
TH/burnup/6/30/04/n663004OUT  ,300,5.751498,4.00 ,Th,0.50370,0.12590,3.37040,1350,2.5538
TH/burnup/6/30/06/n663006OUT  ,300,5.751498,6.00 ,Th,0.81140,0.20290,4.98570,1350,1.8199
TH/burnup/6/30/08/n663008OUT  ,300,5.751498,8.00 ,Th,1.24560,0.31140,6.44300,1350,1.2842
TH/burnup/6/30/10/n663010OUT  ,300,5.751498,10.00,Th,1.73090,0.43270,7.83630,1350,0.5177
TH/burnup/inf/05/02/n990502OUT,inf,2.348039,2.00 ,Th,0.24790,0.06200,1.69010,1   ,5.4298
TH/burnup/inf/05/04/n990504OUT,inf,2.348039,4.00 ,Th,0.37600,0.09400,3.53000,1   ,5.0814
TH/burnup/inf/05/06/n990506OUT,inf,2.348039,6.00 ,Th,0.48120,0.12030,5.39850,1   ,4.4126
TH/burnup/inf/05/08/n990508OUT,inf,2.348039,8.00 ,Th,0.58960,0.14740,7.26300,1   ,3.3806
TH/burnup/inf/05/10/n990510OUT,inf,2.348039,10.00,Th,0.70210,0.17550,9.12240,1   ,1.8847
TH/burnup/inf/10/02/n991002OUT,inf,3.320629,2.00 ,Th,0.21000,0.05250,1.73750,1   ,6.1581
TH/burnup/inf/10/04/n991004OUT,inf,3.320629,4.00 ,Th,0.33310,0.08330,3.58360,1   ,5.8681
TH/burnup/inf/10/06/n991006OUT,inf,3.320629,6.00 ,Th,0.45660,0.11410,5.42930,1   ,5.1823
TH/burnup/inf/10/08/n991008OUT,inf,3.320629,8.00 ,Th,0.58800,0.14700,7.26500,1   ,4.1028
TH/burnup/inf/10/10/n991010OUT,inf,3.320629,10.00,Th,0.71710,0.17930,9.10370,1   ,2.5599
TH/burnup/inf/15/02/n991502OUT,inf,4.066923,2.00 ,Th,0.19710,0.04930,1.75370,1   ,6.2561
TH/burnup/inf/15/04/n991504OUT,inf,4.066923,4.00 ,Th,0.34270,0.08570,3.57160,1   ,5.9575
TH/burnup/inf/15/06/n991506OUT,inf,4.066923,6.00 ,Th,0.49600,0.12400,5.38000,1   ,5.2426
TH/burnup/inf/15/08/n991508OUT,inf,4.066923,8.00 ,Th,0.64900,0.16220,7.18880,1   ,4.1379
TH/burnup/inf/15/10/n991510OUT,inf,4.066923,10.00,Th,0.81260,0.20320,8.98420,1   ,2.6359
TH/burnup/inf/20/02/n992002OUT,inf,4.696079,2.00 ,Th,0.19870,0.04970,1.75160,1   ,5.8005
TH/burnup/inf/20/04/n992004OUT,inf,4.696079,4.00 ,Th,0.38400,0.09600,3.52000,1   ,5.2980
TH/burnup/inf/20/06/n992006OUT,inf,4.696079,6.00 ,Th,0.57600,0.14400,5.28000,1   ,4.5361
TH/burnup/inf/20/08/n992008OUT,inf,4.696079,8.00 ,Th,0.76800,0.19200,7.04000,1   ,3.4760
TH/burnup/inf/20/10/n992010OUT,inf,4.696079,10.00,Th,0.96000,0.24000,8.80000,1   ,2.2618
TH/burnup/inf/25/02/n992502OUT,inf,5.250376,2.00 ,Th,0.21630,0.05410,1.72970,1   ,5.0859
TH/burnup/inf/25/04/n992504OUT,inf,5.250376,4.00 ,Th,0.39380,0.09850,3.50770,1   ,4.1527
TH/burnup/inf/25/06/n992506OUT,inf,5.250376,6.00 ,Th,0.64350,0.16090,5.19560,1   ,3.4615
TH/burnup/inf/25/08/n992508OUT,inf,5.250376,8.00 ,Th,0.90220,0.22560,6.87220,1   ,2.4183
TH/burnup/inf/25/10/n992510OUT,inf,5.250376,10.00,Th,1.17960,0.29490,8.52550,1   ,1.3295
TH/burnup/inf/30/02/n993002OUT,inf,5.751498,2.00 ,Th,0.23100,0.05770,1.71130,1   ,4.2205
TH/burnup/inf/30/04/n993004OUT,inf,5.751498,4.00 ,Th,0.46550,0.11640,3.41810,1   ,3.0148
TH/burnup/inf/30/06/n993006OUT,inf,5.751498,6.00 ,Th,0.75710,0.18930,5.05360,1   ,2.1863
TH/burnup/inf/30/08/n993008OUT,inf,5.751498,8.00 ,Th,1.08630,0.27160,6.64210,1   ,1.4427
TH/burnup/inf/30/10/n993010OUT,inf,5.751498,10.00,Th,1.57560,0.39390,8.03050,1   ,0.6748
U/10/05/02/n100502OUT         ,500,2.348039,2.00 ,U ,1.94470,0.05530,0.00000,6250,5.5668
U/10/05/04/n100504OUT         ,500,2.348039,4.00 ,U ,3.92800,0.07200,0.00000,6250,5.8240
U/10/05/06/n100506OUT         ,500,2.348039,6.00 ,U ,5.91380,0.08620,0.00000,6250,6.0408
U/10/05/08/n100508OUT         ,500,2.348039,8.00 ,U ,7.90300,0.09700,0.00000,6250,6.1891
U/10/05/10/n100510OUT         ,500,2.348039,10.00,U ,9.88660,0.11340,0.00000,6250,6.1071
U/10/10/02/n101002OUT         ,500,3.320629,2.00 ,U ,1.95760,0.04240,0.00000,6250,6.2214
U/10/10/04/n101004OUT         ,500,3.320629,4.00 ,U ,3.94090,0.05910,0.00000,6250,6.5588
U/10/10/06/n101006OUT         ,500,3.320629,6.00 ,U ,5.92970,0.07030,0.00000,6250,6.8778
U/10/10/08/n101008OUT         ,500,3.320629,8.00 ,U ,7.91040,0.08960,0.00000,6250,7.1276
U/10/10/10/n101010OUT         ,500,3.320629,10.00,U ,9.89380,0.10620,0.00000,6250,7.2353
U/10/15/02/n101502OUT         ,500,4.066924,2.00 ,U ,1.96000,0.04000,0.00000,6250,6.3448
U/10/15/04/n101504OUT         ,500,4.066924,4.00 ,U ,3.94380,0.05620,0.00000,6250,6.7840
U/10/15/06/n101506OUT         ,500,4.066924,6.00 ,U ,5.92840,0.07160,0.00000,6250,7.0481
U/10/15/08/n101508OUT         ,500,4.066924,8.00 ,U ,7.90320,0.09680,0.00000,6250,7.1224
U/10/15/10/n101510OUT         ,500,4.066924,10.00,U ,9.88020,0.11980,0.00000,6250,7.0384
U/10/20/02/n102002OUT         ,500,4.696079,2.00 ,U ,1.95990,0.04010,0.00000,6250,6.3549
U/10/20/04/n102004OUT         ,500,4.696079,4.00 ,U ,3.93750,0.06250,0.00000,6250,6.6353
U/10/20/06/n102006OUT         ,500,4.696079,6.00 ,U ,5.91790,0.08210,0.00000,6250,6.4449
U/10/20/08/n102008OUT         ,500,4.696079,8.00 ,U ,7.89660,0.10340,0.00000,6250,6.0550
U/10/20/10/n102010OUT         ,500,4.696079,10.00,U ,9.87070,0.12930,0.00000,6250,5.5871
U/10/25/02/n102502OUT         ,500,5.250376,2.00 ,U ,1.95800,0.04200,0.00000,6250,6.2000
U/10/25/04/n102504OUT         ,500,5.250376,4.00 ,U ,3.93170,0.06830,0.00000,6250,5.8068
U/10/25/06/n102506OUT         ,500,5.250376,6.00 ,U ,5.90080,0.09920,0.00000,6250,4.8780
U/10/25/08/n102508OUT         ,500,5.250376,8.00 ,U ,7.86550,0.13450,0.00000,6250,4.0630
U/10/25/10/n102510OUT         ,500,5.250376,10.00,U ,9.82760,0.17240,0.00000,6250,3.3100
U/10/30/02/n103002OUT         ,500,5.751498,2.00 ,U ,1.95700,0.04300,0.00000,6250,5.7394
U/10/30/04/n103004OUT         ,500,5.751498,4.00 ,U ,3.92020,0.07980,0.00000,6250,4.3077
U/10/30/06/n103006OUT         ,500,5.751498,6.00 ,U ,5.87790,0.12210,0.00000,6250,3.0398
U/10/30/08/n103008OUT         ,500,5.751498,8.00 ,U ,7.82860,0.17140,0.00000,6250,2.4405
U/10/30/10/n103010OUT         ,500,5.751498,10.00,U ,9.78770,0.21230,0.00000,6250,1.4996
U/2/05/02/n220502OUT          ,100,2.348039,2.00 ,U ,1.85320,0.14680,0.00000,50  ,4.0670
U/2/05/04/n220504OUT          ,100,2.348039,4.00 ,U ,3.82830,0.17170,0.00000,50  ,4.0766
U/2/05/06/n220506OUT          ,100,2.348039,6.00 ,U ,5.79100,0.20900,0.00000,50  ,4.0160
U/2/05/08/n220508OUT          ,100,2.348039,8.00 ,U ,7.76000,0.24000,0.00000,50  ,3.7806
U/2/05/10/n220510OUT          ,100,2.348039,10.00,U ,9.73790,0.26210,0.00000,50  ,3.1174
U/2/10/02/n221002OUT          ,100,3.320629,2.00 ,U ,1.89920,0.10080,0.00000,50  ,4.3667
U/2/10/04/n221004OUT          ,100,3.320629,4.00 ,U ,3.87640,0.12360,0.00000,50  ,4.4147
U/2/10/06/n221006OUT          ,100,3.320629,6.00 ,U ,5.84790,0.15210,0.00000,50  ,4.3782
U/2/10/08/n221008OUT          ,100,3.320629,8.00 ,U ,7.81810,0.18190,0.00000,50  ,4.2240
U/2/10/10/n221010OUT          ,100,3.320629,10.00,U ,9.78090,0.21910,0.00000,50  ,3.7122
U/2/15/02/n221502OUT          ,100,4.066924,2.00 ,U ,1.91610,0.08390,0.00000,50  ,4.2253
U/2/15/04/n221504OUT          ,100,4.066924,4.00 ,U ,3.88000,0.12000,0.00000,50  ,4.1886
U/2/15/06/n221506OUT          ,100,4.066924,6.00 ,U ,5.84950,0.15050,0.00000,50  ,4.0732
U/2/15/08/n221508OUT          ,100,4.066924,8.00 ,U ,7.82230,0.17770,0.00000,50  ,3.8533
U/2/15/10/n221510OUT          ,100,4.066924,10.00,U ,9.77670,0.22330,0.00000,50  ,3.3484
U/2/20/02/n222002OUT          ,100,4.696079,2.00 ,U ,1.91980,0.08020,0.00000,50  ,3.9347
U/2/20/04/n222004OUT          ,100,4.696079,4.00 ,U ,3.88000,0.12000,0.00000,50  ,3.6492
U/2/20/06/n222006OUT          ,100,4.696079,6.00 ,U ,5.83860,0.16140,0.00000,50  ,3.3151
U/2/20/08/n222008OUT          ,100,4.696079,8.00 ,U ,7.79690,0.20310,0.00000,50  ,2.9703
U/2/20/10/n222010OUT          ,100,4.696079,10.00,U ,9.74830,0.25170,0.00000,50  ,2.3088
U/2/25/02/n222502OUT          ,100,5.250376,2.00 ,U ,1.91990,0.08010,0.00000,50  ,3.4919
U/2/25/04/n222504OUT          ,100,5.250376,4.00 ,U ,3.87750,0.12250,0.00000,50  ,2.8515
U/2/25/06/n222506OUT          ,100,5.250376,6.00 ,U ,5.82000,0.18000,0.00000,50  ,2.3971
U/2/25/08/n222508OUT          ,100,5.250376,8.00 ,U ,7.76000,0.24000,0.00000,50  ,1.9899
U/2/25/10/n222510OUT          ,100,5.250376,10.00,U ,9.70000,0.30000,0.00000,50  ,1.3797
U/2/30/02/n223002OUT          ,100,5.751498,2.00 ,U ,1.91560,0.08440,0.00000,50  ,2.8824
U/2/30/04/n223004OUT          ,100,5.751498,4.00 ,U ,3.85620,0.14380,0.00000,50  ,2.0257
U/2/30/06/n223006OUT          ,100,5.751498,6.00 ,U ,5.78780,0.21220,0.00000,50  ,1.6802
U/2/30/08/n223008OUT          ,100,5.751498,8.00 ,U ,7.68500,0.31500,0.00000,50  ,1.2994
U/2/30/10/n223010OUT          ,100,5.751498,10.00,U ,9.61440,0.38560,0.00000,50  ,0.6761
U/2.5/05/02/n250502OUT        ,125,2.348039,2.00 ,U ,1.88600,0.11400,0.00000,100 ,4.4641
U/2.5/05/04/n250504OUT        ,125,2.348039,4.00 ,U ,3.86140,0.13860,0.00000,100 ,4.5142
U/2.5/05/06/n250506OUT        ,125,2.348039,6.00 ,U ,5.83710,0.16290,0.00000,100 ,4.5143
U/2.5/05/08/n250508OUT        ,125,2.348039,8.00 ,U ,7.82080,0.17920,0.00000,100 ,4.3713
U/2.5/05/10/n250510OUT        ,125,2.348039,10.00,U ,9.79010,0.20990,0.00000,100 ,3.8280
U/2.5/10/02/n251002OUT        ,125,2.348039,2.00 ,U ,1.88600,0.11400,0.00000,100 ,4.4068
U/2.5/10/04/n251004OUT        ,125,2.348039,4.00 ,U ,3.86140,0.13860,0.00000,100 ,4.4664
U/2.5/10/06/n251006OUT        ,125,2.348039,6.00 ,U ,5.83710,0.16290,0.00000,100 ,4.4698
U/2.5/10/08/n251008OUT        ,125,2.348039,8.00 ,U ,7.82080,0.17920,0.00000,100 ,4.3270
U/2.5/10/10/n251010OUT        ,125,2.348039,10.00,U ,9.79010,0.20990,0.00000,100 ,3.7993
U/2.5/15/02/n251502OUT        ,125,4.066924,2.00 ,U ,1.93090,0.06910,0.00000,100 ,4.7639
U/2.5/15/04/n251504OUT        ,125,4.066924,4.00 ,U ,3.90700,0.09300,0.00000,100 ,4.8353
U/2.5/15/06/n251506OUT        ,125,4.066924,6.00 ,U ,5.87530,0.12470,0.00000,100 ,4.7814
U/2.5/15/08/n251508OUT        ,125,4.066924,8.00 ,U ,7.84350,0.15650,0.00000,100 ,4.6498
U/2.5/15/10/n251510OUT        ,125,4.066924,10.00,U ,9.81060,0.18940,0.00000,100 ,4.2384
U/2.5/20/02/n252002OUT        ,125,4.696079,2.00 ,U ,1.93420,0.06580,0.00000,100 ,4.5489
U/2.5/20/04/n252004OUT        ,125,4.696079,4.00 ,U ,3.90550,0.09450,0.00000,100 ,4.3263
U/2.5/20/06/n252006OUT        ,125,4.696079,6.00 ,U ,5.86810,0.13190,0.00000,100 ,3.9801
U/2.5/20/08/n252008OUT        ,125,4.696079,8.00 ,U ,7.82910,0.17090,0.00000,100 ,3.6305
U/2.5/20/10/n252010OUT        ,125,4.696079,10.00,U ,9.78910,0.21090,0.00000,100 ,3.1308
U/2.5/25/02/n252502OUT        ,125,5.250376,2.00 ,U ,1.93320,0.06680,0.00000,100 ,4.1547
U/2.5/25/04/n252504OUT        ,125,5.250376,4.00 ,U ,3.89950,0.10050,0.00000,100 ,3.4858
U/2.5/25/06/n252506OUT        ,125,5.250376,6.00 ,U ,5.85430,0.14570,0.00000,100 ,2.8663
U/2.5/25/08/n252508OUT        ,125,5.250376,8.00 ,U ,7.80120,0.19880,0.00000,100 ,2.4412
U/2.5/25/10/n252510OUT        ,125,5.250376,10.00,U ,9.74240,0.25760,0.00000,100 ,1.6502
U/2.5/30/02/n253002OUT        ,125,5.751498,2.00 ,U ,1.93040,0.06960,0.00000,100 ,3.5261
U/2.5/30/04/n253004OUT        ,125,5.751498,4.00 ,U ,3.88000,0.12000,0.00000,100 ,2.4755
U/2.5/30/06/n253006OUT        ,125,5.751498,6.00 ,U ,5.82000,0.18000,0.00000,100 ,1.9608
U/2.5/30/08/n253008OUT        ,125,5.751498,8.00 ,U ,7.76000,0.24000,0.00000,100 ,1.5641
U/2.5/30/10/n253010OUT        ,125,5.751498,10.00,U ,9.69340,0.30660,0.00000,100 ,0.9760
U/3/05/02/330502iOUT          ,150,2.348039,2.00 ,U ,1.90170,0.09830,0.00000,170 ,4.7057
U/3/05/04/330504iOUT          ,150,2.348039,4.00 ,U ,3.88000,0.12000,0.00000,170 ,4.8009
U/3/05/06/330506iOUT          ,150,2.348039,6.00 ,U ,5.86460,0.13540,0.00000,170 ,4.8428
U/3/05/08/330508iOUT          ,150,2.348039,8.00 ,U ,7.84000,0.16000,0.00000,170 ,4.7480
U/3/05/10/330510iOUT          ,150,2.348039,10.00,U ,9.81500,0.18500,0.00000,170 ,4.3403
U/3/10/02/331002iOUT          ,150,3.320629,2.00 ,U ,1.93270,0.06730,0.00000,170 ,5.1738
U/3/10/04/331004iOUT          ,150,3.320629,4.00 ,U ,3.91120,0.08880,0.00000,170 ,5.3249
U/3/10/06/331006iOUT          ,150,3.320629,6.00 ,U ,5.88660,0.11340,0.00000,170 ,5.4319
U/3/10/08/331008iOUT          ,150,3.320629,8.00 ,U ,7.86820,0.13180,0.00000,170 ,5.4101
U/3/10/10/331010iOUT          ,150,3.320629,10.00,U ,9.84220,0.15780,0.00000,170 ,5.1101
U/3/15/02/331502iOUT          ,150,4.066924,2.00 ,U ,1.94000,0.06000,0.00000,170 ,5.1400
U/3/15/04/331504iOUT          ,150,4.066924,4.00 ,U ,3.91620,0.08380,0.00000,170 ,5.2563
U/3/15/06/331506iOUT          ,150,4.066924,6.00 ,U ,5.89190,0.10810,0.00000,170 ,5.2921
U/3/15/08/331508iOUT          ,150,4.066924,8.00 ,U ,7.86440,0.13560,0.00000,170 ,5.1860
U/3/15/10/331510iOUT          ,150,4.066924,10.00,U ,9.83540,0.16460,0.00000,170 ,4.7991
U/3/20/02/332002iOUT          ,150,4.696079,2.00 ,U ,1.94000,0.06000,0.00000,170 ,4.9559
U/3/20/04/332004iOUT          ,150,4.696079,4.00 ,U ,3.91360,0.08640,0.00000,170 ,4.8326
U/3/20/06/332006iOUT          ,150,4.696079,6.00 ,U ,5.87930,0.12070,0.00000,170 ,4.4672
U/3/20/08/332008iOUT          ,150,4.696079,8.00 ,U ,7.85090,0.14910,0.00000,170 ,4.1440
U/3/20/10/332010iOUT          ,150,4.696079,10.00,U ,9.80770,0.19230,0.00000,170 ,3.5659
U/3/25/02/332502iOUT          ,150,5.250376,2.00 ,U ,1.94000,0.06000,0.00000,170 ,4.5902
U/3/25/04/332504iOUT          ,150,5.250376,4.00 ,U ,3.91070,0.08930,0.00000,170 ,3.9892
U/3/25/06/332506iOUT          ,150,5.250376,6.00 ,U ,5.86470,0.13530,0.00000,170 ,3.2396
U/3/25/08/332508iOUT          ,150,5.250376,8.00 ,U ,7.82850,0.17150,0.00000,170 ,2.7082
U/3/25/10/332510iOUT          ,150,5.250376,10.00,U ,9.78850,0.21150,0.00000,170 ,1.9639
U/3/30/02/333002iOUT          ,150,5.751498,2.00 ,U ,1.94000,0.06000,0.00000,170 ,3.9946
U/3/30/04/333004iOUT          ,150,5.751498,4.00 ,U ,3.89490,0.10510,0.00000,170 ,2.7774
U/3/30/06/333006iOUT          ,150,5.751498,6.00 ,U ,5.83860,0.16140,0.00000,170 ,2.1505
U/3/30/08/333008iOUT          ,150,5.751498,8.00 ,U ,7.76000,0.24000,0.00000,170 ,1.7218
U/3/30/10/333010iOUT          ,150,5.751498,10.00,U ,9.70000,0.30000,0.00000,170 ,1.0820
U/4/05/02/440502oOUT          ,200,2.348039,2.00 ,U ,1.92370,0.07630,0.00000,400 ,5.0199
U/4/05/04/440504oOUT          ,200,2.348039,4.00 ,U ,3.90700,0.09300,0.00000,400 ,5.1787
U/4/05/06/440506oOUT          ,200,2.348039,6.00 ,U ,5.88490,0.11510,0.00000,400 ,5.2762
U/4/05/08/440508oOUT          ,200,2.348039,8.00 ,U ,7.86890,0.13110,0.00000,400 ,5.2794
U/4/05/10/440510oOUT          ,200,2.348039,10.00,U ,9.84900,0.15100,0.00000,400 ,4.9425
U/4/10/02/441002oOUT          ,200,3.320629,2.00 ,U ,1.94180,0.05820,0.00000,400 ,5.5698
U/4/10/04/441004oOUT          ,200,3.320629,4.00 ,U ,3.92420,0.07580,0.00000,400 ,5.7904
U/4/10/06/441006oOUT          ,200,3.320629,6.00 ,U ,5.90550,0.09450,0.00000,400 ,5.9678
U/4/10/08/441008oOUT          ,200,3.320629,8.00 ,U ,7.89010,0.10990,0.00000,400 ,6.0657
U/4/10/10/441010oOUT          ,200,3.320629,10.00,U ,9.87300,0.12700,0.00000,400 ,5.8661
U/4/15/02/441502oOUT          ,200,4.066924,2.00 ,U ,1.95070,0.04930,0.00000,400 ,5.5989
U/4/15/04/441504oOUT          ,200,4.066924,4.00 ,U ,3.92580,0.07420,0.00000,400 ,5.8230
U/4/15/06/441506oOUT          ,200,4.066924,6.00 ,U ,5.90430,0.09570,0.00000,400 ,5.9121
U/4/15/08/441508oOUT          ,200,4.066924,8.00 ,U ,7.88570,0.11430,0.00000,400 ,5.8855
U/4/15/10/441510oOUT          ,200,4.066924,10.00,U ,9.86560,0.13440,0.00000,400 ,5.6530
U/4/20/02/442002oOUT          ,200,4.696079,2.00 ,U ,1.95150,0.04850,0.00000,400 ,5.4880
U/4/20/04/442004oOUT          ,200,4.696079,4.00 ,U ,3.92300,0.07700,0.00000,400 ,5.4752
U/4/20/06/442006oOUT          ,200,4.696079,6.00 ,U ,5.89810,0.10190,0.00000,400 ,2.1101
U/4/20/08/442008oOUT          ,200,4.696079,8.00 ,U ,7.86490,0.13510,0.00000,400 ,4.7906
U/4/20/10/442010oOUT          ,200,4.696079,10.00,U ,9.83510,0.16490,0.00000,400 ,4.3853
U/4/25/02/n442502OUT          ,200,5.250376,2.00 ,U ,1.95080,0.04920,0.00000,400 ,5.2097
U/4/25/04/n442504OUT          ,200,5.250376,4.00 ,U ,3.91600,0.08400,0.00000,400 ,4.6306
U/4/25/06/n442506OUT          ,200,5.250376,6.00 ,U ,5.87980,0.12020,0.00000,400 ,3.8268
U/4/25/08/n442508OUT          ,200,5.250376,8.00 ,U ,7.83950,0.16050,0.00000,400 ,3.1978
U/4/25/10/n442510OUT          ,200,5.250376,10.00,U ,9.79500,0.20500,0.00000,400 ,2.6039
U/4/30/02/443002oOUT          ,200,5.751498,2.00 ,U ,1.94740,0.05260,0.00000,400 ,4.6116
U/4/30/04/443004oOUT          ,200,5.751498,4.00 ,U ,3.90570,0.09430,0.00000,400 ,3.3138
U/4/30/06/443006oOUT          ,200,5.751498,6.00 ,U ,5.86400,0.13600,0.00000,400 ,2.4247
U/4/30/08/443008oOUT          ,200,5.751498,8.00 ,U ,7.81700,0.18300,0.00000,400 ,1.8912
U/4/30/10/443010oOUT          ,200,5.751498,10.00,U ,9.73490,0.26510,0.00000,400 ,1.2810
U/5/05/02/550502iOUT          ,250,2.348039,2.00 ,U ,1.92910,0.07090,0.00000,780 ,5.2183
U/5/05/04/550504iOUT          ,250,2.348039,4.00 ,U ,3.91490,0.08510,0.00000,780 ,5.4164
U/5/05/06/550506iOUT          ,250,2.348039,6.00 ,U ,5.89900,0.10100,0.00000,780 ,5.5497
U/5/05/08/550508iOUT          ,250,2.348039,8.00 ,U ,7.88090,0.11910,0.00000,780 ,5.6021
U/5/05/10/550510iOUT          ,250,2.348039,10.00,U ,9.86850,0.13150,0.00000,780 ,5.3414
U/5/10/02/551002iOUT          ,250,3.320629,2.00 ,U ,1.95150,0.04850,0.00000,780 ,5.8144
U/5/10/04/551004iOUT          ,250,3.320629,4.00 ,U ,3.93260,0.06740,0.00000,780 ,6.0916
U/5/10/06/551006iOUT          ,250,3.320629,6.00 ,U ,5.91680,0.08320,0.00000,780 ,6.3105
U/5/10/08/551008oOUT          ,250,3.320629,8.00 ,U ,7.90120,0.09880,0.00000,780 ,6.4505
U/5/10/10/551010iOUT          ,250,3.320629,10.00,U ,9.87930,0.12070,0.00000,780 ,6.3431
U/5/15/02/551502iOUT          ,250,4.066924,2.00 ,U ,1.95580,0.04420,0.00000,780 ,5.8848
U/5/15/04/551504iOUT          ,250,4.066924,4.00 ,U ,3.93430,0.06570,0.00000,780 ,6.1730
U/5/15/06/551506iOUT          ,250,4.066924,6.00 ,U ,5.91530,0.08470,0.00000,780 ,6.3120
U/5/15/08/551508iOUT          ,250,4.066924,8.00 ,U ,7.89590,0.10410,0.00000,780 ,6.3307
U/5/15/10/551510oOUT          ,250,4.066924,10.00,U ,9.87770,0.12230,0.00000,780 ,6.1302
U/5/20/02/552002iOUT          ,250,4.696079,2.00 ,U ,1.95600,0.04400,0.00000,780 ,5.8116
U/5/20/04/552004iOUT          ,250,4.696079,4.00 ,U ,3.93120,0.06880,0.00000,780 ,5.9185
U/5/20/06/552006iOUT          ,250,4.696079,6.00 ,U ,5.90320,0.09680,0.00000,780 ,5.6318
U/5/20/08/552008oOUT          ,250,4.696079,8.00 ,U ,7.88030,0.11970,0.00000,780 ,5.2181
U/5/20/10/552010iOUT          ,250,4.696079,10.00,U ,9.85330,0.14670,0.00000,780 ,4.7760
U/5/25/02/552502iOUT          ,250,5.250376,2.00 ,U ,1.95350,0.04650,0.00000,780 ,5.5624
U/5/25/04/552504iOUT          ,250,5.250376,4.00 ,U ,3.92130,0.07870,0.00000,780 ,5.0115
U/5/25/06/552506iOUT          ,250,5.250376,6.00 ,U ,5.89070,0.10930,0.00000,780 ,4.1755
U/5/25/08/552508iOUT          ,250,5.250376,8.00 ,U ,7.85250,0.14750,0.00000,780 ,3.4689
U/5/25/10/552510oOUT          ,250,5.250376,10.00,U ,9.80140,0.19860,0.00000,780 ,2.8702
U/5/30/02/553002iOUT          ,250,5.751498,2.00 ,U ,1.95130,0.04870,0.00000,780 ,4.9984
U/5/30/04/553004iOUT          ,250,5.751498,4.00 ,U ,3.91150,0.08850,0.00000,780 ,3.5693
U/5/30/06/553006iOUT          ,250,5.751498,6.00 ,U ,5.87430,0.12570,0.00000,780 ,2.6066
U/5/30/08/553008oOUT          ,250,5.751498,8.00 ,U ,7.82550,0.17450,0.00000,780 ,2.0477
U/5/30/10/553010oOUT          ,250,5.751498,10.00,U ,9.75960,0.24040,0.00000,780 ,1.3509
U/6/05/02/660502oOUT          ,300,2.348039,2.00 ,U ,1.93850,0.06150,0.00000,1350,5.3456
U/6/05/04/660504oOUT          ,300,2.348039,4.00 ,U ,3.92010,0.07990,0.00000,1350,5.5610
U/6/05/06/660506oOUT          ,300,2.348039,6.00 ,U ,5.90510,0.09490,0.00000,1350,5.7237
U/6/05/08/660508oOUT          ,300,2.348039,8.00 ,U ,7.88590,0.11410,0.00000,1350,5.8087
U/6/05/10/660510oOUT          ,300,2.348039,10.00,U ,9.87700,0.12300,0.00000,1350,5.6091
U/6/10/02/661002oOUT          ,300,3.320629,2.00 ,U ,1.95400,0.04600,0.00000,1350,5.9535
U/6/10/04/661004oOUT          ,300,3.320629,4.00 ,U ,3.93610,0.06390,0.00000,1350,6.2560
U/6/10/06/661006oOUT          ,300,3.320629,6.00 ,U ,5.92140,0.07860,0.00000,1350,6.5118
U/6/10/08/661008oOUT          ,300,3.320629,8.00 ,U ,7.90760,0.09240,0.00000,1350,6.7102
U/6/10/10/661010oOUT          ,300,3.320629,10.00,U ,9.88270,0.11730,0.00000,1350,6.6903
U/6/15/02/661502oOUT          ,300,4.066924,2.00 ,U ,1.95660,0.04340,0.00000,1350,6.0394
U/6/15/04/661504oOUT          ,300,4.066924,4.00 ,U ,3.93680,0.06320,0.00000,1350,6.3864
U/6/15/06/661506oOUT          ,300,4.066924,6.00 ,U ,5.91990,0.08010,0.00000,1350,6.5724
U/6/15/08/661508oOUT          ,300,4.066924,8.00 ,U ,7.89760,0.10240,0.00000,1350,6.6114
U/6/15/10/661510oOUT          ,300,4.066924,10.00,U ,9.87510,0.12490,0.00000,1350,6.4402
U/6/20/02/662002oOUT          ,300,4.696079,2.00 ,U ,1.95880,0.04120,0.00000,1350,6.0014
U/6/20/04/662004oOUT          ,300,4.696079,4.00 ,U ,3.93350,0.06650,0.00000,1350,6.1486
U/6/20/06/662006oOUT          ,300,4.696079,6.00 ,U ,5.90730,0.09270,0.00000,1350,5.9052
U/6/20/08/662008oOUT          ,300,4.696079,8.00 ,U ,7.88540,0.11460,0.00000,1350,5.4957
U/6/20/10/662010oOUT          ,300,4.696079,10.00,U ,9.85780,0.14220,0.00000,1350,5.0319
U/6/25/02/662502oOUT          ,300,5.250376,2.00 ,U ,1.95490,0.04510,0.00000,1350,5.7988
U/6/25/04/662504oOUT          ,300,5.250376,4.00 ,U ,3.92390,0.07610,0.00000,1350,5.2718
U/6/25/06/662506oOUT          ,300,5.250376,6.00 ,U ,5.89430,0.10570,0.00000,1350,4.4177
U/6/25/08/662508oOUT          ,300,5.250376,8.00 ,U ,7.85720,0.14280,0.00000,1350,3.6836
U/6/25/10/662510oOUT          ,300,5.250376,10.00,U ,9.80960,0.19040,0.00000,1350,3.0403
U/6/30/02/663002oOUT          ,300,5.751498,2.00 ,U ,1.95330,0.04670,0.00000,1350,5.2594
U/6/30/04/663004oOUT          ,300,5.751498,4.00 ,U ,3.91590,0.08410,0.00000,1350,3.8921
U/6/30/06/663006oOUT          ,300,5.751498,6.00 ,U ,5.88090,0.11910,0.00000,1350,2.7293
U/6/30/08/663008oOUT          ,300,5.751498,8.00 ,U ,7.82970,0.17030,0.00000,1350,2.2334
U/6/30/10/663010oOUT          ,300,5.751498,10.00,U ,9.78100,0.21900,0.00000,1350,1.3374
